3.21387 0 3.42188
10.2139 0 3.42188
17.2139 0 3.42188
24.2139 23.2442 3.42188
31.2139 24.1266 3.42188
38.2139 24.1927 3.42188
45.2139 22.9047 3.42188
52.2139 21.1152 3.42188
59.2139 19.4043 3.42188
66.2139 15.398 3.42188
73.2139 15.1349 3.42188
80.2139 13.6484 3.42188
87.2139 11.0818 3.42188
94.2139 7.99172 3.42188
3.21387 0 10.4219
10.2139 0 10.4219
17.2139 22.5998 10.4219
24.2139 23.2919 10.4219
31.2139 24.0061 10.4219
38.2139 23.99 10.4219
45.2139 21.7399 10.4219
52.2139 20.2182 10.4219
59.2139 18.9064 10.4219
66.2139 15.1153 10.4219
73.2139 14.7332 10.4219
80.2139 12.711 10.4219
87.2139 10.1441 10.4219
94.2139 8.40901 10.4219
3.21387 0 17.4219
10.2139 21.9531 17.4219
17.2139 22.9628 17.4219
24.2139 23.3494 17.4219
31.2139 23.183 17.4219
38.2139 21.9889 17.4219
45.2139 21.3964 17.4219
52.2139 19.1662 17.4219
59.2139 18.7771 17.4219
66.2139 13.7344 17.4219
73.2139 13.1582 17.4219
80.2139 11.3251 17.4219
87.2139 8.90914 17.4219
94.2139 6.60009 17.4219
3.21387 21.4454 24.4219
10.2139 21.4585 24.4219
17.2139 22.9672 24.4219
24.2139 22.4858 24.4219
31.2139 22.3424 24.4219
38.2139 21.7119 24.4219
45.2139 20.7013 24.4219
52.2139 18.8144 24.4219
59.2139 16.4005 24.4219
66.2139 11.7954 24.4219
73.2139 11.4969 24.4219
80.2139 9.08591 24.4219
87.2139 7.11868 24.4219
94.2139 5.22727 24.4219
3.21387 22.6395 31.4219
10.2139 22.6504 31.4219
17.2139 23.3494 31.4219
24.2139 21.9218 31.4219
31.2139 21.4479 31.4219
38.2139 19.1701 31.4219
45.2139 18.209 31.4219
52.2139 16.2026 31.4219
59.2139 14.7661 31.4219
66.2139 10.3436 31.4219
73.2139 10.068 31.4219
80.2139 8.85914 31.4219
87.2139 6.43394 31.4219
94.2139 5.07601 31.4219
3.21387 22.595 38.4219
10.2139 22.4516 38.4219
17.2139 22.9986 38.4219
24.2139 22.5557 38.4219
31.2139 21.0707 38.4219
38.2139 18.1034 38.4219
45.2139 14.7449 38.4219
52.2139 13.4866 38.4219
59.2139 11.5879 38.4219
66.2139 9.34574 38.4219
73.2139 8.85919 38.4219
80.2139 7.26563 38.4219
87.2139 4.85154 38.4219
94.2139 3.77552 38.4219
3.21387 22.149 45.4219
10.2139 22.422 45.4219
17.2139 22.5625 45.4219
24.2139 22.1249 45.4219
31.2139 18.4897 45.4219
38.2139 15.9424 45.4219
45.2139 13.1359 45.4219
52.2139 9.5128 45.4219
59.2139 8.80763 45.4219
66.2139 7.19281 45.4219
73.2139 6.80054 45.4219
80.2139 5.35549 45.4219
87.2139 3.81263 45.4219
94.2139 2.45872 45.4219
3.21387 21.9764 52.4219
10.2139 21.1222 52.4219
17.2139 21.1009 52.4219
24.2139 20.7789 52.4219
31.2139 15.8467 52.4219
38.2139 13.4465 52.4219
45.2139 9.67697 52.4219
52.2139 8.4585 52.4219
59.2139 7.1526 52.4219
66.2139 4.51855 52.4219
73.2139 4.26166 52.4219
80.2139 3.04697 52.4219
87.2139 2.5229 52.4219
94.2139 0.930055 52.4219
