5 0 4.5
15 0 4.5
25 0 4.5
35 32.6979 4.5
45 33.78 4.5
55 33.6706 4.5
65 31.6405 4.5
75 28.9916 4.5
85 26.5237 4.5
95 21.2539 4.5
105 20.3177 4.5
115 18.4686 4.5
125 14.6572 4.5
135 10.5961 4.5
5 0 14.5
15 0 14.5
25 31.7721 14.5
35 32.6947 14.5
45 33.8753 14.5
55 32.4371 14.5
65 30.0061 14.5
75 27.0532 14.5
85 26.1562 14.5
95 21.1596 14.5
105 19.4227 14.5
115 17.24 14.5
125 14.0957 14.5
135 10.6016 14.5
5 0 24.5
15 30.5314 24.5
25 32.2021 24.5
35 32.4648 24.5
45 32.3127 24.5
55 30.8273 24.5
65 28.6565 24.5
75 27.0635 24.5
85 25.9481 24.5
95 18.802 24.5
105 17.2592 24.5
115 15.2027 24.5
125 10.816 24.5
135 8.91128 24.5
5 29.8827 34.5
15 31.3558 34.5
25 32.2065 34.5
35 31.4219 34.5
45 31.0432 34.5
55 30.2041 34.5
65 27.0364 34.5
75 24.4019 34.5
85 21.9173 34.5
95 16.5583 34.5
105 15.8826 34.5
115 12.6416 34.5
125 10.7223 34.5
135 7.79432 34.5
5 31.8467 44.5
15 31.781 44.5
25 32.1915 44.5
35 30.902 44.5
45 30.2199 44.5
55 26.8012 44.5
65 25.1978 44.5
75 22.4575 44.5
85 17.9362 44.5
95 14.3435 44.5
105 13.6788 44.5
115 11.2056 44.5
125 8.71972 44.5
135 6.8163 44.5
5 31.6364 54.5
15 31.3163 54.5
25 31.4065 54.5
35 30.7705 54.5
45 28.2018 54.5
55 24.3075 54.5
65 19.3595 54.5
75 17.1484 54.5
85 15.3595 54.5
95 12.9844 54.5
105 11.7447 54.5
115 9.63779 54.5
125 6.72629 54.5
135 5.17581 54.5
5 31.2652 64.5
15 31.4465 64.5
25 31.4219 64.5
35 29.6856 64.5
45 24.6429 64.5
55 20.6333 64.5
65 17.3563 64.5
75 14.6016 64.5
85 9.55192 64.5
95 9.03088 64.5
105 9.19767 64.5
115 6.05045 64.5
125 4.45758 64.5
135 3.1921 64.5
5 30.7404 74.5
15 29.3888 74.5
25 29.5551 74.5
35 27.9827 74.5
45 23.6275 74.5
55 16.665 74.5
65 12.5899 74.5
75 11.4416 74.5
85 5.75 74.5
95 5.26489 74.5
105 4.26838 74.5
115 3.95744 74.5
125 2.53189 74.5
135 1.18201 74.5
