2.5 0 2.25
7.5 0 2.25
12.5 0 2.25
17.5 16.349 2.25
22.5 16.89 2.25
27.5 16.8353 2.25
32.5 15.8203 2.25
37.5 14.4958 2.25
42.5 13.2619 2.25
47.5 10.6269 2.25
52.5 10.1589 2.25
57.5 9.2343 2.25
62.5 7.32859 2.25
67.5 5.29807 2.25
2.5 0 7.25
7.5 0 7.25
12.5 15.886 7.25
17.5 16.3474 7.25
22.5 16.9376 7.25
27.5 16.2186 7.25
32.5 15.0031 7.25
37.5 13.5266 7.25
42.5 13.0781 7.25
47.5 10.5798 7.25
52.5 9.71136 7.25
57.5 8.62001 7.25
62.5 7.04784 7.25
67.5 5.30081 7.25
2.5 0 12.25
7.5 15.2657 12.25
12.5 16.1011 12.25
17.5 16.2324 12.25
22.5 16.1564 12.25
27.5 15.4137 12.25
32.5 14.3283 12.25
37.5 13.5317 12.25
42.5 12.974 12.25
47.5 9.40101 12.25
52.5 8.62962 12.25
57.5 7.60135 12.25
62.5 5.40799 12.25
67.5 4.45564 12.25
2.5 14.9413 17.25
7.5 15.6779 17.25
12.5 16.1033 17.25
17.5 15.7109 17.25
22.5 15.5216 17.25
27.5 15.1021 17.25
32.5 13.5182 17.25
37.5 12.201 17.25
42.5 10.9586 17.25
47.5 8.27914 17.25
52.5 7.94132 17.25
57.5 6.32079 17.25
62.5 5.36117 17.25
67.5 3.89716 17.25
2.5 15.9233 22.25
7.5 15.8905 22.25
12.5 16.0957 22.25
17.5 15.451 22.25
22.5 15.1099 22.25
27.5 13.4006 22.25
32.5 12.5989 22.25
37.5 11.2288 22.25
42.5 8.96808 22.25
47.5 7.17173 22.25
52.5 6.83938 22.25
57.5 5.60279 22.25
62.5 4.35986 22.25
67.5 3.40815 22.25
2.5 15.8182 27.25
7.5 15.6581 27.25
12.5 15.7033 27.25
17.5 15.3853 27.25
22.5 14.1009 27.25
27.5 12.1537 27.25
32.5 9.67974 27.25
37.5 8.5742 27.25
42.5 7.67973 27.25
47.5 6.49218 27.25
52.5 5.87235 27.25
57.5 4.81889 27.25
62.5 3.36315 27.25
67.5 2.58791 27.25
2.5 15.6326 32.25
7.5 15.7232 32.25
12.5 15.7109 32.25
17.5 14.8428 32.25
22.5 12.3215 32.25
27.5 10.3167 32.25
32.5 8.67813 32.25
37.5 7.30081 32.25
42.5 4.77596 32.25
47.5 4.51544 32.25
52.5 4.59883 32.25
57.5 3.02523 32.25
62.5 2.22879 32.25
67.5 1.59605 32.25
2.5 15.3702 37.25
7.5 14.6944 37.25
12.5 14.7776 37.25
17.5 13.9913 37.25
22.5 11.8137 37.25
27.5 8.33248 37.25
32.5 6.29493 37.25
37.5 5.72081 37.25
42.5 2.875 37.25
47.5 2.63245 37.25
52.5 2.13419 37.25
57.5 1.97872 37.25
62.5 1.26595 37.25
67.5 0.591006 37.25
