5 0 4.57812
15 0 4.57812
25 27.1383 4.57812
35 28.1153 4.57812
45 28.0903 4.57812
55 26.3708 4.57812
65 23.9122 4.57812
75 21.2969 4.57812
85 17.6218 4.57812
95 15.2285 4.57812
105 12.2889 4.57812
5 0 14.5781
15 26.1402 14.5781
25 27.0923 14.5781
35 27.8447 14.5781
45 27.7848 14.5781
55 24.973 14.5781
65 22.675 14.5781
75 20.449 14.5781
85 17.6875 14.5781
95 14.6572 14.5781
105 11.7809 14.5781
5 24.7229 24.5781
15 26.0313 24.5781
25 26.7821 24.5781
35 26.7053 24.5781
45 26.1361 24.5781
55 23.7775 24.5781
65 21.6086 24.5781
75 14.6252 24.5781
85 14.3111 24.5781
95 10.9948 24.5781
105 8.86697 24.5781
5 25.3615 34.5781
15 26.5632 34.5781
25 26.6563 34.5781
35 25.8275 34.5781
45 24.8633 34.5781
55 21.6907 34.5781
65 19.3785 34.5781
75 12.3284 34.5781
85 12.1342 34.5781
95 10.3977 34.5781
105 6.55852 34.5781
5 25.5349 44.5781
15 26.0967 44.5781
25 25.9813 44.5781
35 24.4802 44.5781
45 21.4482 44.5781
55 18.3534 44.5781
65 15.4018 44.5781
75 10.8175 44.5781
85 10.4749 44.5781
95 8.31455 44.5781
105 4.75365 44.5781
5 25.9855 54.5781
15 25.9578 54.5781
25 26.1563 54.5781
35 22.5611 54.5781
45 18.1324 54.5781
55 14.8807 54.5781
65 11.4479 54.5781
75 7.24959 54.5781
85 7.3421 54.5781
95 4.74895 54.5781
105 2.98295 54.5781
