25 0 24.5
75 0 24.5
125 0 24.5
175 163.491 24.5
225 168.879 24.5
275 168.328 24.5
325 158.192 24.5
375 144.956 24.5
425 132.624 24.5
475 106.266 24.5
525 101.832 24.5
575 90.1265 24.5
625 72.6535 24.5
675 52.5983 24.5
25 0 74.5
75 0 74.5
125 158.859 74.5
175 162.505 74.5
225 166.87 74.5
275 163.766 74.5
325 151.562 74.5
375 140.688 74.5
425 131.688 74.5
475 105.834 74.5
525 97.1243 74.5
575 86.1926 74.5
625 70.4752 74.5
675 53.0095 74.5
25 0 124.5
75 152.657 124.5
125 158.876 124.5
175 161.74 124.5
225 162.378 124.5
275 154.513 124.5
325 138.997 124.5
375 133.997 124.5
425 129.75 124.5
475 92.261 124.5
525 82.3537 124.5
575 75.0375 124.5
625 50.843 124.5
675 50.6276 124.5
25 149.414 174.5
75 156.706 174.5
125 160.997 174.5
175 157.124 174.5
225 155.39 174.5
275 147.564 174.5
325 132.374 174.5
375 123.879 174.5
425 108.497 174.5
475 81.952 174.5
525 79.812 174.5
575 63.1572 174.5
625 46.8285 174.5
675 32.701 174.5
25 156.76 224.5
75 159.497 224.5
125 164.572 224.5
175 154.374 224.5
225 145.734 224.5
275 140.314 224.5
325 119.938 224.5
375 114.38 224.5
425 90.1241 224.5
475 72.6951 224.5
525 66.936 224.5
575 56.8432 224.5
625 40.4335 224.5
675 32.3798 224.5
25 158.171 274.5
75 156.58 274.5
125 157.05 274.5
175 153.871 274.5
225 131.48 274.5
275 117.396 274.5
325 101.812 274.5
375 86.9948 274.5
425 78.25 274.5
475 63.5462 274.5
525 56.9354 274.5
575 48.9689 274.5
625 33.281 274.5
675 25.3503 274.5
25 155.62 324.5
75 156.88 324.5
125 156.232 324.5
175 147.269 324.5
225 130.064 324.5
275 111.185 324.5
325 86.7811 324.5
375 73.0086 324.5
425 48.2189 324.5
475 43.8303 324.5
525 43.9764 324.5
575 30.2021 324.5
625 19.7593 324.5
675 14.5789 324.5
25 153.438 374.5
75 147.314 374.5
125 147.124 374.5
175 144.721 374.5
225 121.196 374.5
275 91.6144 374.5
325 77.8728 374.5
375 55.3293 374.5
425 26.3471 374.5
475 23.6847 374.5
525 17.9881 374.5
575 17.0409 374.5
625 11.1797 374.5
675 5.69957 374.5
