2.16699 0 1.55469
7.16699 0 1.55469
12.167 0 1.55469
17.167 0 1.55469
22.167 19.0376 1.55469
27.167 18.8073 1.55469
32.167 18.1535 1.55469
37.167 17.2258 1.55469
42.167 15.9582 1.55469
47.167 14.7083 1.55469
52.167 12.0703 1.55469
57.167 11.9576 1.55469
62.167 10.8489 1.55469
67.167 9.76761 1.55469
72.167 7.14865 1.55469
2.16699 0 6.55469
7.16699 0 6.55469
12.167 0 6.55469
17.167 18.0864 6.55469
22.167 18.5339 6.55469
27.167 18.8092 6.55469
32.167 17.8507 6.55469
37.167 16.6493 6.55469
42.167 14.9766 6.55469
47.167 14.5747 6.55469
52.167 11.7908 6.55469
57.167 11.3126 6.55469
62.167 9.76267 6.55469
67.167 8.17936 6.55469
72.167 6.60144 6.55469
2.16699 0 11.5547
7.16699 16.9189 11.5547
12.167 17.6015 11.5547
17.167 17.929 11.5547
22.167 17.9217 11.5547
27.167 17.4615 11.5547
32.167 16.8568 11.5547
37.167 15.7871 11.5547
42.167 14.9315 11.5547
47.167 14.2031 11.5547
52.167 11.6421 11.5547
57.167 11.1813 11.5547
62.167 9.58332 11.5547
67.167 7.84398 11.5547
72.167 6.12346 11.5547
2.16699 16.4634 16.5547
7.16699 16.9735 16.5547
12.167 17.5703 16.5547
17.167 17.812 16.5547
22.167 17.6665 16.5547
27.167 17.4088 16.5547
32.167 16.7656 16.5547
37.167 15.8337 16.5547
42.167 14.2216 16.5547
47.167 13.5312 16.5547
52.167 9.84948 16.5547
57.167 9.53805 16.5547
62.167 8.4865 16.5547
67.167 6.50573 16.5547
72.167 5.36542 16.5547
2.16699 16.7344 21.5547
7.16699 17.1166 21.5547
12.167 17.7036 21.5547
17.167 17.6427 21.5547
22.167 16.9771 21.5547
27.167 16.2651 21.5547
32.167 15.5463 21.5547
37.167 13.7992 21.5547
42.167 12.8022 21.5547
47.167 10.5752 21.5547
52.167 8.63992 21.5547
57.167 8.38001 21.5547
62.167 6.94535 21.5547
67.167 6.06565 21.5547
72.167 4.54566 21.5547
2.16699 17.7582 26.5547
7.16699 17.9593 26.5547
12.167 18.1425 26.5547
17.167 17.2964 26.5547
22.167 16.7442 26.5547
27.167 15.5307 26.5547
32.167 13.7687 26.5547
37.167 12.7038 26.5547
42.167 11.883 26.5547
47.167 9.44292 26.5547
52.167 7.68167 26.5547
57.167 7.46352 26.5547
62.167 6.34256 26.5547
67.167 4.85349 26.5547
72.167 3.6433 26.5547
2.16699 17.5832 31.5547
7.16699 17.3827 31.5547
12.167 17.5597 31.5547
17.167 16.5991 31.5547
22.167 15.5591 31.5547
27.167 12.5041 31.5547
32.167 11.3876 31.5547
37.167 8.71096 31.5547
42.167 7.43714 31.5547
47.167 6.81376 31.5547
52.167 6.91317 31.5547
57.167 6.40234 31.5547
62.167 5.33206 31.5547
67.167 3.58113 31.5547
72.167 2.87431 31.5547
2.16699 17.2159 36.5547
7.16699 17.1482 36.5547
12.167 17.0029 36.5547
17.167 16.665 36.5547
22.167 16.1018 36.5547
27.167 11.828 36.5547
32.167 11.814 36.5547
37.167 8.11328 36.5547
42.167 7.29479 36.5547
47.167 5.38466 36.5547
52.167 4.72586 36.5547
57.167 5.06605 36.5547
62.167 3.29546 36.5547
67.167 2.82328 36.5547
72.167 1.61772 36.5547
2.16699 16.9726 41.5547
7.16699 16.1876 41.5547
12.167 16.3115 41.5547
17.167 15.9528 41.5547
22.167 15.6551 41.5547
27.167 12.6953 41.5547
32.167 9.45886 41.5547
37.167 8.01911 41.5547
42.167 5.9064 41.5547
47.167 3.33927 41.5547
52.167 3.01442 41.5547
57.167 2.14328 41.5547
62.167 2.2277 41.5547
67.167 1.46324 41.5547
72.167 0.608887 41.5547
